408.811
303.701
285.224
276.957
272.095
268.605
266.433
264.220
262.941
261.834
260.555
259.563
258.489
257.712
256.870
256.268
255.719
254.917
254.550
254.037
253.562
253.051
252.743
252.293
252.022
252.060
251.444
251.050
250.684
250.954
250.340
250.085
249.644
249.843
249.543
249.196
248.892
248.990
248.715
248.610
248.315
248.321
247.966
248.068
247.678
247.674
247.351
247.295
247.382
246.974
247.174
247.008
246.896
246.687
246.596
246.516
246.477
246.151
246.227
246.171
246.107
246.084
246.065
245.910
245.779
245.578
245.708
245.562
245.315
245.192
245.301
245.216
245.109
245.102
244.933
244.969
245.013
244.640
244.960
244.665
244.516
244.683
244.889
244.625
244.523
244.435
244.254
244.376
244.403
244.299
244.093
244.133
244.029
244.067
244.092
244.085
244.063
243.937
243.778
243.840
243.696
243.735
243.686
243.598
243.625
243.671
243.640
243.493
243.514
243.227
243.547
243.136
243.415
243.235
243.072
243.352
243.239
243.339
243.128
243.077
243.289
242.905
243.102
243.114
243.065
242.887
242.986
242.933
243.024
242.754
242.773
242.850
242.704
242.764
242.786
242.655
242.670
242.628
242.563
242.714
242.814
242.719
242.672
242.517
242.601
242.599
242.505
242.616
242.678
242.605
242.460
242.597
242.502
242.582
242.494
242.475
242.489
242.575
242.437
242.299
242.394
242.291
242.419
242.315
242.047
242.236
242.378
242.220
242.161
242.113
242.038
242.366
242.177
242.096
242.081
242.096
242.232
242.005
241.774
242.248
242.173
241.846
242.091
242.086
242.038
241.855
241.871
241.937
241.828
241.759
241.982
241.687
242.038
241.583
241.825
241.810
241.902
241.755
241.867
241.605
241.753
241.520
241.614
241.924
241.664
241.674
241.646
241.702
241.479
241.569
241.434
241.737
241.473
241.380
241.548
241.547
241.563
241.424
241.527
241.418
241.562
241.387
241.614
241.281
241.513
241.456
241.219
241.430
241.264
241.534
241.291
241.381
241.339
241.279
241.159
241.365
241.334
241.363
240.986
241.286
241.367
241.063
241.153
241.151
241.089
241.339
241.131
241.152
241.057
241.223
241.030
241.044
241.183
241.184
241.041
241.004
241.145
240.973
241.017
241.130
241.063
241.052
241.063
241.311
240.893
241.087
240.917
241.151
240.874
240.873
241.063
240.804
241.005
241.004
240.925
240.870
240.997
240.733
240.674
240.776
241.074
240.693
240.827
240.917
240.842
240.754
240.798
240.817
240.668
240.765
240.792
240.658
240.574
240.632
240.858
240.601
240.722
240.651
240.822
240.456
240.678
240.682
240.650
240.614
240.445
240.802
240.605
240.666
240.620
240.811
240.597
240.579
240.581
240.471
240.708
240.534
240.450
240.610
240.339
240.598
240.352
240.595
240.510
240.575
240.654
240.547
240.453
240.394
240.389
240.155
240.576
240.447
240.379
240.360
240.417
240.359
240.457
240.385
240.225
240.419
240.377
240.443
240.562
240.381
240.485
240.358
240.113
240.335
240.306
240.292
240.261
240.219
240.288
240.296
240.427
240.286
240.176
240.288
240.223
240.201
240.030
240.138
240.268
240.339
240.092
240.142
240.121
240.096
240.278
240.169
240.084
240.002
240.109
240.141
240.222
240.060
240.217
239.991
240.123
240.073
240.054
240.100
239.992
240.000
240.119
239.918
240.129
239.959
239.946
240.021
240.027
239.934
240.079
239.922
239.870
240.061
239.971
240.032
240.140
239.916
240.122
240.186
239.835
239.875
239.917
239.839
239.827
239.797
239.933
239.856
239.785
239.851
239.772
239.933
239.970
239.833
239.712
239.753
239.948
239.960
239.984
239.805
239.830
239.644
239.834
239.806
239.901
239.973
239.846
239.752
239.635
239.750
239.493
239.861
239.843
239.808
239.630
239.837
239.699
239.528
239.818
239.666
239.625
239.671
239.493
239.752
239.716
239.742
239.864
239.541
239.602
239.760
239.551
239.758
239.665
239.466
239.450
239.721
239.543
239.445
239.687
239.480
239.603
239.629
239.571
239.488
239.474
239.589
239.442
239.552
239.594
239.567
239.385
239.438
239.701
239.549
239.440
239.470
239.391
239.594
239.525
239.481
239.447
239.574
239.494
239.292
239.438
239.451
239.486
239.472
239.247
239.629
239.420
239.407
239.276
239.452
239.552
239.396
239.328
239.433
239.391
239.335
239.504
239.560
239.557
239.453
239.055
239.621
239.446
239.367
239.384
239.455
239.358
239.260
239.375
239.232
239.261
239.430
239.430
239.299
239.375
239.161
239.231
239.343
239.438
239.160
239.394
239.186
239.166
239.308
239.109
239.247
239.284
239.337
239.253
239.255
239.408
239.171
239.205
239.299
239.213
239.252
239.356
239.272
239.145
239.234
239.101
239.277
239.292
239.180
239.275
239.128
239.209
239.091
239.044
239.155
239.027
239.203
239.193
239.189
239.222
239.163
239.101
239.226
239.091
239.074
239.411
239.101
239.062
239.008
239.091
239.045
238.994
239.055
239.154
239.241
239.129
239.073
239.094
239.083
239.063
238.997
239.205
238.980
239.005
238.920
239.174
239.032
239.001
239.224
238.827
239.003
238.983
238.874
239.067
239.053
239.082
238.875
239.147
239.156
239.116
238.971
238.963
239.023
238.919
239.038
238.845
239.120
238.948
238.940
239.055
238.996
238.990
239.183
238.898
238.971
239.047
239.056
238.775
238.949
238.975
238.793
239.008
238.830
239.001
239.044
238.874
238.874
238.787
239.007
239.014
238.887
238.851
238.912
238.949
238.792
238.734
238.975
238.917
238.831
238.855
238.864
238.819
238.953
238.823
238.733
238.916
238.962
238.770
238.930
238.697
238.913
238.971
238.572
238.907
238.749
238.904
238.717
238.865
238.751
238.931
238.642
238.576
238.653
238.853
238.705
238.785
238.754
238.823
238.667
238.816
238.850
238.693
238.657
238.779
238.849
238.650
238.849
238.834
238.609
238.779
238.770
238.719
238.769
238.719
238.556
238.809
238.651
238.635
238.828
238.661
238.779
238.693
238.706
238.610
238.779
238.699
238.807
238.706
238.793
238.595
238.649
238.740
238.680
238.641
238.650
238.691
238.617
238.463
238.664
238.683
238.524
238.492
238.723
238.491
238.641
238.746
238.470
238.715
238.627
238.580
238.607
238.591
238.502
238.585
238.448
238.659
238.605
238.625
238.557
238.303
238.658
238.650
238.599
238.502
238.588
238.589
238.658
238.519
238.653
238.526
238.609
238.552
238.430
238.638
238.516
238.511
238.443
238.521
238.533
238.649
238.565
238.618
238.557
238.601
238.541
238.508
238.439
238.719
238.740
238.614
238.464
238.450
238.458
238.571
238.458
238.390
238.470
238.501
238.677
238.347
238.324
238.534
238.570
238.335
238.445
238.401
238.390
238.441
238.433
238.664
238.348
238.322
238.334
238.557
238.330
238.497
238.453
238.558
238.452
238.580
238.484
238.368
238.341
238.535
238.586
238.257
238.416
238.386
238.406
238.221
238.448
238.375
238.233
238.381
238.387
238.452
238.345
238.255
238.285
238.383
238.335
238.381
238.397
238.255
238.399
238.294
238.326
238.284
238.202
238.296
238.526
238.272
238.423
238.474
238.298
238.178
238.505
238.174
238.277
238.339
238.269
238.248
238.318
238.169
238.277
238.222
238.511
238.202
238.044
238.691
238.424
238.146
238.439
238.320
238.325
238.370
238.024
238.325
238.178
238.318
238.220
238.364
238.370
238.178
238.096
238.057
238.578
238.352
238.464
238.491
238.416
238.405
238.427
238.319
238.354
238.095
238.221
238.374
238.405
238.277
238.275
238.319
238.430
238.261
238.195
238.302
238.163
238.384
238.525
238.302
238.196
238.182
238.204
238.377
238.293
238.319
238.347
238.310
238.278
238.330
238.166
238.190
238.289
238.233
238.277
238.414
238.334
238.225
238.193
238.247
238.215
238.162
238.282
238.221
238.286
238.312
238.395
238.088
238.172
238.234
238.303
238.195
238.200
238.208
238.123
238.288
238.251
238.001
238.352
238.162
238.257
238.170
238.171
238.066
238.167
238.103
238.277
238.018
238.090
238.335
237.954
238.387
237.915
238.176
237.976
237.981
238.181
238.175
238.159
238.204
238.172
238.088
238.363
238.478
238.440
238.489
238.206
238.457
238.438
238.440
238.058
238.269
238.346
238.413
238.256
238.297
238.306
238.266
238.328
238.354
238.333
238.139
238.180
238.285
238.320
238.046
238.097
238.195
238.262
238.221
237.987
238.197
238.262
238.179
238.231
238.174
238.357
238.226
238.134
238.195
238.095
238.143
238.096
238.174
238.168
238.162
238.110
238.128
238.202
238.238
238.028
238.235
238.067
238.222